9781137280152
9781982140106
9781988139005
9781558618985
9781438488288
9780252086113
9780813527611
9781642595727
9781608466719
9781943735624
9780226526164
9798686683624
9781608468560
9780060882969
9781101972083
9781101972120
9780393609844
9780813191720
9781556520747
9780807039830
9781479806898
9781580911863
9781786636720
9780759554603
9780374312718
9781138821514
9781620971932
9780872865297
9781984899422
9781839762123
9780451529947
9781501355547
9781441148889
9781942173434
9781583225813
9781517912253
9781517911188
9780241472361
9781608461820
9781608465644
9781608464661
9781642594539
9781608468553
9781628728293
9781608464715
9780525560562
9781839764073
9780143135203
9780812993547
9780743456081
9780345806567
9780679744726
9780471409731
9780471242659
9781478006619
9781443726733
9780807064450
9780745335322